 M1 = 100;
 K1 = 50;
 b = 50;
 M2 = 80;
 K12 = 80;